# Created by Octave 4.0.0, Tue Dec 15 19:15:30 2015 中国标准时间 <unknown@lihao-THINK>
# name: all_theta
# type: matrix
# rows: 10
# columns: 401
 -3.134128328890913 0 0 7.635761300454262e-005 -0.0007054458789574304 -0.000769124566632735 0.00119882377834916 -0.01515567675603443 -0.000474552046317212 0.0004698066059929501 0.0004642159177569911 7.453833909693026e-005 0.0003292684897645116 0.001456278331179316 0.001323299583513627 0.003848669720632005 0.005053673108461869 0.0004265488514571905 -7.196716565214707e-005 -9.802018830190837e-008 0 -1.774293597823898e-008 8.726713770163677e-006 -0.0009728931659693283 0.008011358122575259 0.009210431537928771 0.001786551747604467 -0.02039004231933663 0.0001209024150337434 -0.0001962999885373216 -0.00905027734109822 -0.001188739909777146 -0.003589746645301058 -0.01579650625980715 -0.009580079366765297 -0.03481627779523663 -0.04753198127466476 0.005087823895273765 0.008244937249232594 0.0003099398803102025 0.0001589654304666038 1.435486122960297e-007 -0.0002441340042801296 0.0002903968796583123 0.02277646081994264 0.05515304204476836 0.08112307882207344 0.080064598248842 -0.05329704188875664 -0.07985890784197124 -0.0228374987818611 -0.03457045144424575 -0.00472360051338385 -0.04933762843428688 -0.1487713810074816 -0.2482581454932712 -0.1958719135786686 -0.04387312088133737 0.04364145823696024 0.0005635529252240181 -0.000409653754975906 7.232071691366898e-007 0.001105844200303484 0.00445637911974247 -0.1408644451820993 -0.5172639714177513 -0.8273755203983099 -1.130410230309568 -0.6665322969615085 -0.7219900410046056 -0.06334939428027557 0.2925359917724674 -0.09902962024892199 -0.01290182599613385 -0.4842462710714567 -0.6377372710534542 -0.9438652734584463 -1.24429996305792 -1.194564221497957 -0.03131009304228696 -0.01593708307937587 1.598672135409464e-006 0.005737890955540358 -0.04538307810043744 -0.1183769677722198 -0.3491508821479683 -2.608354425178729 -2.043894969037162 0.001260566860756623 1.225871971958699 1.823459538221787 0.02680942499589855 -0.4431514598460236 0.019966779340164 -1.011526870677793 -0.9853058644598759 1.632742936469585 0.2213467839009218 -1.10273944656257 -0.2190184358372141 -0.03646920251702646 -1.855963335176971e-005 -0.01387826386859122 -0.1071838960338252 1.382896181754325 0.1269020564637847 -0.7484648897009613 -1.351165336395259 -0.7055941569915074 2.065452554023882 1.358815709070749 -1.762438968591818 -1.11066226372089 -0.1979281209488235 -1.529006303223691 -1.479768586296931 3.453179316162626 0.8826186091125167 -2.848659396407869 -0.6312657786837295 -0.04140309326041536 -0.0001412022799221614 0.01228902610375452 -0.6996884237561873 -0.3125725914156263 -0.5148404143602635 -1.340362798082404 -0.6455098996893506 -0.9138214215123396 -0.5136261429570653 -1.057459813591379 -0.909655315413515 -0.6312858203849017 -0.2385116291037266 -0.8731657162343227 -1.675810431670183 -1.674909007682963 -0.04952917440817157 -1.636172582869224 -1.028288712303257 -0.02682052429581141 -0.000720563191727183 0.04300600629152184 -1.404441792316682 -2.429950881941997 -0.8576405944244252 -1.04171392411348 0.03212283531588239 -0.7071818573623102 0.6314179306377647 -2.135960399747049 -2.147264753262339 -1.126289574307269 -2.074576407372811 1.233327707220506 2.040246445699042 -0.75618389218833 -0.1164435937359253 -0.04567132788577515 -2.254330681319641 -0.004140074050954373 0.01743074936084845 -0.21327075448239 -1.080262696037801 -0.5670517268022366 -1.725076884124018 -1.266803111572971 0.2142359854867975 0.152473808387946 -0.3897438531160819 -2.074716096458658 -0.5225849655046011 0.5007342663549921 -0.8282699869849233 -1.716770658394018 0.4944958144961048 -0.1667628039362977 -0.9306513605411609 -1.449065221337103 -2.66378653282709 -0.4003168772420601 0.03590175075155555 -0.4078673415714856 -0.1983758454987785 -0.6507684024731467 -0.8553263218364129 -0.4295996333492951 -0.2634668042412939 0.1562037094999016 0.4353895440594241 0.5200745838545706 1.084212638420612 0.6720932318389718 0.8555831735312338 0.6283045674782672 0.1161134535214344 -1.384088837652319 -0.236920316421968 -0.295973420065252 -1.943135093995106 -0.1157404132800075 0.02336074452836662 -0.2229722940210238 0.6327281344350369 -1.274614331698654 -2.153331681048111 0.2698097419676418 -0.367977028956799 0.5729899242774752 2.823932819508637 2.829496222699754 1.919668949807057 2.167129405657707 0.02507126595852891 1.19423234110953 0.005179967855571503 0.08388143809834199 -0.2567935887003371 -1.497414312162105 -1.499190837669057 0.03734395757999447 0.006993253488295203 -0.144112296678918 0.457590034593554 1.942017902349091 0.5408369989694761 -0.5490189141983647 -0.8623152486020743 1.727612806846175 1.28297377216051 0.4629814470985159 -0.8361431049746161 0.1561967599836306 -1.776985917564923 -1.107297581800538 0.5805300188704278 0.8007914813645917 0.748951464966247 -2.485954319031272 -1.649659275569891 -0.0572041488953168 0.01999063247062436 -0.1736796102419365 -2.068263018105212 -2.44525611363898 -1.316715966988757 -1.899758455959521 -0.4449486917606826 0.00350781869926098 0.1416851102659025 0.1464018581528246 0.8221434037704437 0.965586740867977 -0.9252982185722123 -0.7539207400973761 -1.05211187223168 -1.04614760689152 2.002060482861369 0.5990700639872104 -0.782236679847327 -0.1047699288276369 0.01618383935420653 -0.2180419250750189 -0.8516181476031378 1.272460386269518 0.652548013212023 1.712811887419285 -0.775062346957077 -1.147302557381775 1.071209532956596 -1.298181288768107 -1.235181224151677 -2.259522077930626 -1.186306494767287 1.160004339085862 1.493074012856549 -0.7479778490565117 1.093288163157511 0.3353920316994869 -0.643602287079735 -0.03226429227401705 0.002356462512180076 -0.0164842383979925 -0.488134921344204 -0.5171008737459111 -0.1391355240808159 -0.4516000333850837 -1.013285868641509 -0.7525624459630422 -2.135575611854291 -1.922312670360967 -1.025559290847249 -1.753146174569874 -1.216810637009336 1.662442931487022 -0.7751699153514925 -0.2856791019151234 1.888962160572337 -1.009359685258208 -0.5678341180781973 -0.03312059031914018 -0.0001390140668908673 0.0141765119237261 -0.1375955341577912 -1.033152815512911 -0.9604926965679447 0.8289292941696667 -0.4198941266581618 -1.357644873405294 -1.115781661800051 -0.8395289601032012 -1.160165318863043 -1.489869957966961 -1.399407989438501 -1.236239034995893 -0.5931162704577901 0.4855261875136436 0.1237190837955907 -1.198226419692127 -0.01387529836417572 -0.006978389980592029 -1.235176751318676e-005 -0.01131522257045749 0.07810658205029153 0.6186543849741646 -0.8355471365894906 -0.9193447386158918 -1.128661886429444 -0.8807173872536831 -0.4249571435220851 -0.3004719662664795 -0.1846410348418833 -0.3151250640991218 -0.8129229569145595 0.206704246965136 0.6874158898930368 0.1999911673746861 -0.4826169477435435 -0.3657976009398183 -0.01440810402587404 -0.005259221509456856 1.024103631253352e-005 -0.005436735301645252 0.03731745483432527 0.3265479706224239 -0.8487764895048631 -1.241104254211186 -0.6739507630995809 -0.02136534596646528 -0.02799920801629364 -0.2501725603365193 -0.04483155623948666 -0.1150483401665696 -0.3159036113149849 0.4310043090251033 2.118518381897288 2.336322551365317 0.5386794076025913 -0.1888816839097424 -0.01319083799836714 0.0004146862704772101 -3.581951071995502e-007 0.0007311319743848357 0.002251494231563994 -0.08990361505603958 -0.3303160125858688 -0.138204750281666 -0.1605506106668957 0.5503923142020996 0.4129713904720951 -0.1167864446300569 0.2228389607888769 0.02594976132654941 -0.1009435948827063 -0.006009738451490098 0.4554553738934666 1.471508640132097 0.3837799564867825 -0.0392354010239636 0.0007730937979032325 5.736937966179306e-005 0 -4.281317292886272e-005 0.00105323826051457 -0.005511989230478206 0.005777064483857411 -0.006274517031395016 0.005292013231695171 -0.05320197144169946 -0.04709005234544028 0.003532377518464207 0.03954111116180643 0.001750138681716431 0.05166101984103994 0.2807246798155503 -0.01309287358818139 -0.1340222381110134 -0.03341333435209699 